00100100000000010000000000000001
00100100000000100000000000000010
00000000001000100001100000100000
00000000001000100001100000100001
00000000010000010010000000100010
00000000001000100010100000100100
00000000001000100011000000100101
00000000001000100011100000100111
00000000000000100100000001000000
00000000000000100100100001000010
00000000001000100101000000000100
00000000001000100101100000000110
00000000001000100110000000101010
00000000001000100110100000101011
00000000001000100111000000100110
00100000001011110000000000000011
00110000001100000000000000000000
00110100001100010000000000000001
00101000001100100000000000000010
00101100001100100000000000000010
00111000001100110000000000000000
10101101000000010000000000000000
10001101000101000000000000000000
00001000000000000000000000011010
00010000001101001111111111111110
00001000000000000000000000011100
00010100001101001111111111111110
00001000000000000000000000011010
00000100001000000000000000000000
00011100001000000000000000000001
00001000000000000000000000100000
00011000000000000000000000000001
00001000000000000000000000100001
00001000000000000000000000100001
